22
2
2
2
2
45
45
45
45
5
45
45
5
45
5
45
45
5
5
45
5
35
4553545
35
5
45
5
35
45
5
35
45
5
35
45
5
35
45
5
35
45
5
35
45
5
35
45
5
35
45
5
35
45
5
35
45
5
35
35
5
45
45
5
35
5
45
35
45
5
35
45
5
35
5
45
35
45
5
35
45
5
35
45
5
35
45
5
35
45
5
35
45
5
35
45
35
5
45
5
35
5
35
45
45
5
35
45
5
35
45
5
35
45
5
35
45
5
35
45
5
35
45
35
5
45
5
35
35
5
45
45
5
35
45
5
35
45
5
35
45
5
35
45
35
5
45
5
35
35
45
5
45
5
35
45
5
35
45
5
35
45
5
35
45
35
5
45
5
35
45
5
35
45
5
35
45
5
35
45
5
35
45
5
35
45
5
35
45
5
35
45
5
35
45
5
35
45
5
35
45
5
35
45
5
35
45
5
35
45
5
35
45
5
35
45
5
35
45
5
35
45
5
35
45
35
5
45
5
35
45
5
35
45
35
5
45
5
35
45
5
35
45
5
35
45
5
35
45
5
35
45
5
35
45
5
35
45
5
35
45
5
35
45
5
35
45
5
35
5
45
35
45
5
35
45
5
35
45
5
35
45
5
35
45
5
35
45
5
35
45
5
35
45
5
35
45
5
35
45
5
35
45
5
35
45
5
35
45
5
35
45
5
35
45
5
35
45
5
35
45
5
35
45
5
35
45
5
35
45
5
35
45
5
35
